8
1
24000
6000

0 340.127 69.482 461.072 657.695 1392.3110000000001 1880.1180000000002 2164.9590000000003
1383.145 0 1310.136 1447.234 430.717 1423.666 1911.473 2196.314
327.501 270.645 0 391.59000000000003 588.213 1322.8290000000002 1810.6360000000002 2095.4770000000003
101.71799999999999 441.84499999999997 171.2 0 196.62300000000002 1189.572 1677.379 1962.2200000000003
952.4280000000001 451.41 879.419 1016.517 0 1197.682 1685.489 1970.3300000000004
2633.572999999999 2269.5010000000007 2560.5639999999994 2697.661999999999 2700.218000000001 0 487.8069999999999 772.6479999999999
2344.666 1843.6480000000001 2271.6570000000006 2408.755 2274.3650000000007 590.389 0 284.841
2671.944 2170.926000000001 2598.9350000000004 2736.033 2601.6430000000014 917.667 416.8349999999999 0

20 64 77 24 7 32 4 2