16
2
360
180
20
0 0
1 36
2 28
3 18
4 10
5 7
6 14
7 14
8 14
9 5
10 18
11 15
12 33
13 7
14 16
15 14

0 603.6653295649314 511.562402097674 562.7323545979287 654.7504681205846 531.170605215468 530.213581864876 445.20843630742587 260.03491644347497 368.6041952325652 411.32295042359044 860.2933272335446 1011.3469767587353 870.431159936041 462.2533542247564 693.7631193334867
603.6653295649314 0 571.4260832229231 544.5785970328221 515.5580397978724 888.3325862029495 73.60863715291467 308.94042513478456 343.7613004063696 491.42820166105355 704.8657750557306 622.2093898850866 825.2767812687256 618.7469953552202 886.0820134110331 507.6236919029493
511.562402097674 571.4260832229231 0 72.2761099921573 192.90866538972548 372.95831594131874 525.0486014544883 266.2294602681731 453.73295727749263 747.9966740493077 220.8336334575128 387.68145709313734 506.0307402354144 402.43153305403035 971.8784418898689 243.44164485148207
562.7323545979287 544.5785970328221 72.2761099921573 0 120.65635912865775 439.89792331020806 505.86747792049937 253.18959163829513 473.78915785854866 770.8819978763155 293.0036883503817 317.8628381766223 448.75885105774114 332.05422863550064 1018.7660687065598 171.2416247700143
654.7504681205846 515.5580397978724 192.90866538972548 120.65635912865775 0 555.6676253980709 492.2405875380859 272.2078516410745 524.700264561005 818.471689377437 413.65097028980693 206.95539683281064 368.36683578519086 218.949402662174 1100.43778261439 50.68642392348533
531.170605215468 888.3325862029495 372.95831594131874 439.89792331020806 555.6676253980709 0 826.9423405421451 586.2555611087516 646.2262660208493 882.7439664394175 183.4695438406902 719.8662869265042 767.1699228020019 737.2920938978865 948.6441458609587 605.6204669323521
530.213581864876 73.60863715291467 525.0486014544883 505.86747792049937 492.2405875380859 826.9423405421451 0 258.91264901988535 270.44688082222694 438.6475232341039 643.6859528038375 620.9410179948061 822.3822355466217 619.6454877084194 824.9369170587511 491.44398956638844
445.20843630742587 308.94042513478456 266.2294602681731 253.18959163829513 272.2078516410745 586.2555611087516 258.91264901988535 0 259.5879432978381 547.9562609220004 403.978948302075 452.23146808747504 636.4451269720385 457.7960485161747 856.5278392182454 291.5902934782393
260.03491644347497 343.7613004063696 453.73295727749263 473.78915785854866 524.700264561005 646.2262660208493 270.44688082222694 259.5879432978381 0 297.1765988556911 475.4790073233966 711.717447538406 892.534377837401 717.3830209772073 604.2482080752352 549.4050554980751
368.6041952325652 491.42820166105355 747.9966740493077 770.8819978763155 818.471689377437 882.7439664394175 438.6475232341039 547.9562609220004 297.1765988556911 0 733.4983901314658 997.1922072825778 1184.3987680535015 1001.0561805030316 406.95109555495935 839.4611034790963
411.32295042359044 704.8657750557306 220.8336334575128 293.0036883503817 413.65097028980693 183.4695438406902 643.6859528038375 403.978948302075 475.4790073233966 733.4983901314658 0 602.2557207746368 692.4721884061338 618.0503949846665 863.4071732621035 464.2421151280597
860.2933272335446 622.2093898850866 387.68145709313734 317.8628381766223 206.95539683281064 719.8662869265042 620.9410179948061 452.23146808747504 711.717447538406 997.1922072825778 602.2557207746368 0 203.13869220345072 18.417549320392016 1300.6547958226117 166.9799724140071
1011.3469767587353 825.2767812687256 506.0307402354144 448.75885105774114 368.36683578519086 767.1699228020019 822.3822355466217 636.4451269720385 892.534377837401 1184.3987680535015 692.4721884061338 203.13869220345072 0 208.18485960008218 1464.7359621552584 345.1691056978722
870.431159936041 618.7469953552202 402.43153305403035 332.05422863550064 218.949402662174 737.2920938978865 619.6454877084194 457.7960485161747 717.3830209772073 1001.0561805030316 618.0503949846665 18.417549320392016 208.18485960008218 0 1308.622190840587 176.67431289706187
462.2533542247564 886.0820134110331 971.8784418898689 1018.7660687065598 1100.43778261439 948.6441458609587 824.9369170587511 856.5278392182454 604.2482080752352 406.95109555495935 863.4071732621035 1300.6547958226117 1464.7359621552584 1308.622190840587 0 1134.105527262156
693.7631193334867 507.6236919029493 243.44164485148207 171.2416247700143 50.68642392348533 605.6204669323521 491.44398956638844 291.5902934782393 549.4050554980751 839.4611034790963 464.2421151280597 166.9799724140071 345.1691056978722 176.67431289706187 1134.105527262156 0
